x <- c(7.29 , 7.19 , 7.15 , 5.54 , 5.93 , 5.53 , 6.44 , 6.27 , 8.16 , 5.72 , 
       4.84 , 4.63 , 6.11 , 7.10 , 3.37 , 7.36 , 6.70 , 5.70 , 6.31 , 7.64 , 
       5.89 , 8.82 , 7.77 , 7.93 , 5.24 , 6.08 , 5.77 , 6.57 , 6.00 , 6.14)